camera_matrix:
  cols: 3
  data: [199.96040438590168, 0.0, 163.74729137450979, 0.0, 201.94791172751906, 113.42980898592154,
    0.0, 0.0, 1.0]
  rows: 3
camera_name: duckiebot/camera_node
distortion_coefficients:
  cols: 5
  data: [-0.3689974794016463, 0.12756489770586357, 0.0009732635102105397, -0.006309566546352763,
    0.0]
  rows: 1
distortion_model: plumb_bob
image_height: 240
image_width: 320
projection_matrix:
  cols: 4
  data: [150.48318481445312, 0.0, 159.30177877623646, 0.0, 0.0, 171.5165557861328,
    111.29726211653906, 0.0, 0.0, 0.0, 1.0, 0.0]
  rows: 3
rectification_matrix:
  cols: 3
  data: [1.0, 0.0, 0.0, 0.0, 1.0, 0.0, 0.0, 0.0, 1.0]
  rows: 3
